#================================================================================
# Interatomic force constants in graphene, according to PRB 67, 035401
# 		see article for details
#================================================================================
#
#  Columns		content
#  --------             ----------
# 	1		Neighbor index. n' indicates points which *should* be equivalent by inversion symmetry.
#	2	        d/dx_0 d/dx_n
#	3	        d/dx_0 d/dy_n
#	4	        d/dy_0 d/dx_n
#	5	        d/dy_0 d/dy_n
#	6	        d/dr_0 d/dr_n
#	7	        d/dr_0 d/dt_n
#	8	        d/dt_0 d/dr_n
#	9	        d/dt_0 d/dt_n
#	10	        d/dz_0 d/dz_n
#
#
#	where x_i, y_i, z_i are cartesian coordinates of ith neighbor (0 being the central atom)
#	where r_i, t_i  are radial, tangent vectors.
#
#	Force constants are in units of eV/ Angst^2
#
#
#================================================================================
1     10.2054    0.0000     0.0000   27.3244    27.3244  0.0000     0.0000   10.2054     6.3182
2     -0.7888    2.8814     3.4419    2.8600     4.6859  0.2794    -0.2811   -2.6147    -0.5063
3     -0.1210   -1.2247    -1.2247    1.2931    -0.8281 -0.0000    -0.0000    2.0002     0.4160
4      0.5662    0.3116     0.3115   -0.7382    -0.4057 -0.6483    -0.6482    0.2337    -0.4943
5      0.1064    0.0000     0.0000    0.5238     0.5238  0.0000     0.0000    0.1064     0.0693
5'     0.4188    0.1807     0.1807    0.2102     0.5231  0.0000     0.0000    0.1059     0.0695
6     -0.1777    0.1730     0.1593    0.0144     0.1103 -0.0067     0.0070   -0.2736    -0.0118
7      0.0769   -0.1760    -0.1758   -0.1217    -0.1944 -0.1059    -0.1061    0.1496    -0.0083
8      0.0129    0.0000     0.0000   -0.4507    -0.4507  0.0000     0.0000    0.0129     0.0644
9      0.0400   -0.0462    -0.0463    0.0422     0.0081  0.0324     0.0325    0.0741     0.0259
10    -0.0015   -0.0149     0.1908    0.0603     0.1120  0.1460    -0.0597   -0.0532    -0.0065
10'   -0.0313   -0.0321     0.1735    0.0900     0.1119  0.0597    -0.1459   -0.0532    -0.0065
11    -0.0335   -0.0920    -0.0920    0.0728    -0.0866  0.0000     0.0000    0.1259     0.0019
12     0.0201    0.0436     0.0048    0.0479     0.0619 -0.0195     0.0193    0.0061     0.0013
13    -0.0033   -0.0018    -0.0018   -0.0495    -0.0315 -0.0226    -0.0226   -0.0213    -0.0041
14    -0.0088    0.0238     0.0237   -0.0854    -0.0762 -0.0344    -0.0343   -0.0180    -0.0083
15     0.0714    0.0334     0.0334    0.0327     0.0907 -0.0001    -0.0001    0.0134     0.0013
15'    0.0135    0.0000     0.0000    0.0906     0.0906  0.0000     0.0000    0.0135     0.0013
16    -0.0017   -0.0287    -0.0288   -0.0373    -0.0530  0.0045     0.0046    0.0140     0.0018
17    -0.0031    0.0058     0.0258    0.0093     0.0191  0.0156    -0.0044   -0.0129     0.0004
17'   -0.0074    0.0033     0.0232    0.0136     0.0190  0.0043    -0.0156   -0.0128     0.0004
18    -0.0019   -0.0332    -0.0332   -0.0277    -0.0436 -0.0210    -0.0210    0.0140    -0.0006
19     0.0001    0.0155     0.0155    0.0180     0.0270  0.0000     0.0000   -0.0089     0.0001
20     0.0032   -0.0064    -0.0064   -0.0042    -0.0076 -0.0021    -0.0021    0.0066     0.0013
20'   -0.0350    0.0000     0.0000   -0.0869    -0.0869  0.0000     0.0000   -0.0350     0.0018
